0075650001;20181029;20181105;170900;UMAR;25;1
0075650002;20181121;20181127;170200;TESTING QA;30;1
0075650016;20190327;20190325;163800;ANGGA;6;1
0075650017;20190701;20190702;161000;ASEP;1;1
0075650018;20190701;20190702;161000;ASEP;1;1
0075650169;20200627;20200625;152000;AGUS-Test Shopee;1;1
0075650170;20200627;20200625;152000;AGUS-Test Shopee;1;1
0075650171;20200627;20200625;152000;AGUS-Test Shopee;2;1
0077253046;20211113;;;formalitas;4;1
0077253048;20211113;;;formalitas;4;1
0077253049;20211113;;;formalitas;4;1
0081078062;20210108;20210107;132300;ALAY;2;1
0081078063;20210108;20210107;132300;ALAY;1;1
0085511040;20170510;20170510;112800;AHMAD-SAMSUL;1;1
0085516115;20171130;20171130;120200;Test 1;10;1
0085516135;20171205;20171205;152700;Test 1;5;1
0085516136;20171208;20171208;95900;Test 1;15;1
0085516155;20180109;;;;2;0
0085516163;20180111;20180112;201500;ASEP;2;1
0085516164;20180111;20180112;201500;ASEP;5;1
0085516168;20180118;20180118;102300;Udin;23;1
0085516169;20180119;20180119;141000;Salman;200;2
0085517016;20180201;20180207;145400;Test 1;30;1
0085517017;20180206;20180207;145400;Test 1;15;1
0085518077;20180507;20180507;132900;UMAR;1;1
0085518191;20180524;20180525;101400;Test Cotton On;60;1
0085518192;20180524;20180525;101400;Test Cotton On;36;1
0085518193;20180524;20180525;101400;Test Cotton On;90;1
0085518204;20180606;20180606;115300;Test Cotton On;29;2
0085521027;20180704;20181114;145000;;51;1
0085521028;20180704;20180702;154100;Testing;30;1
0085521029;20180704;20180702;154100;Testing;50;1
0085521030;20180704;20180702;154100;Testing;50;1
0085521031;20180704;20180702;154100;Testing;50;1
0085521032;20180704;20180702;154100;Testing;50;1
0085521033;20180704;20180702;154100;Testing;50;1
0085521034;20180704;20180702;154100;Testing;50;1
0085522012;20180724;20180809;94400;;10;0
0085522017;20180724;20180809;95000;;10;0
0085524024;20190312;20190312;90600;;5;0
0085524033;20190412;;;;1;0
0085524119;20181121;20181127;165700;TESTING QA;30;1
0085524145;20190412;;;;1;0
0085524146;20190412;;;;3;0
0085524152;20190418;;;;2;0
0085524241;20190418;20190418;144100;Test;3;0
0085524244;20190423;;;;5;0
0085524313;20180921;20180920;163900;UMAR;4;1
0085524322;20181128;20181127;170800;;5;0
0085524323;20181129;20181128;105800;;5;0
0085524338;20190304;;;ASEP;300;0
0085524362;20190327;20190325;163800;ANGGA;2;1
0085524365;20190411;;;;1;0
0085524366;20190411;;;;3;0
0085524367;20190411;;;;3;0
0085524368;20190412;;;;1;0
0085524370;20190412;;;;3;0
0085524372;20190415;;;;5;0
0085524379;20190425;20190424;115500;;3;1
0085524438;20190412;;;;1;0
0085524439;20190412;;;;1;0
0085524442;20190418;20190418;141900;;5;0
0085524444;20190422;20190422;152100;Test;3;0
0085524469;20190701;20190704;160300;FORMALITAS (TESTING);1;1
0085524513;20180930;20181005;95800;UMAR;1;1
0085524630;20190315;20190315;100800;;5;0
0085524633;20190415;;;;1;0
0085524634;20190415;;;;3;0
0085524770;20190412;;;;1;0
0085524771;20190415;;;;2;0
0085524837;20190320;20190320;151300;;3;0
0085524838;20190320;20190320;151500;;6;0
0085524848;20190412;;;;1;0
0085524900;20200129;;;;5;1
0085524927;20181121;;;;35;0
0085525013;20180927;20180925;93000;SYARIF;2;1
0085525053;20190416;;;;2;0
0085525054;20190418;20190418;135900;;6;0
0085525061;20190423;;;;2;0
0085525320;20181218;20181217;160100;;5;1
0085525326;20190304;20190304;164900;Mr. QQ;500;0
0085525327;20190304;20190304;165200;Mr. QQ;500;0
0085525328;20190304;20190304;165300;Mr. QQ;500;0
0085525349;20190412;;;;1;0
0085525358;20190427;20190429;91600;;1;1
0085526535;20200122;;;;5;0
0085526726;20200226;;;;30;0
0085526996;20200327;;;;5;1
0085527164;20200416;;;;5;0
0085527244;20200430;;;;5;0
0085527359;20200507;;;;2;0
0085527383;20200517;;;;5;0
0085527658;20200731;20200806;144100;;9;0
0085527708;20200930;20200930;152600;;1;0
0085527837;20201021;20201021;140500;INDRA MF;3;1
0085527838;20201021;20201021;140500;INDRA MF;1;1
0085527839;20201021;20201021;140500;INDRA MF;1;1
0085527840;20201021;20201021;140500;INDRA MF;3;1
0085527841;20201021;20201021;140500;INDRA MF;1;1
0085527842;20201021;20201021;140500;INDRA MF;1;1
0085527968;20210112;20210119;120700;INDRA MF;5;1
0085527972;20210112;20210119;120700;INDRA MF;1;1
0085527973;20210112;20210119;120700;INDRA MF;1;1
0085527974;20210112;20210119;104200;INDRA MF;1;1
0085527975;20210112;20210119;104200;INDRA MF;1;1
0085527977;20210112;;;;1;1
0085527978;20210112;20210119;120700;INDRA MF;1;1
0085527989;20210116;;;;1;1
0085528014;20210120;;;;1;1
0085528015;20210120;;;;1;1
0085528016;20210120;;;;1;1
0085528017;20210120;;;;10;1
0085528018;20210120;;;;1;1
0085528037;20210122;;;;1;1
0085528038;20210122;;;;1;1
0085528039;20210122;;;;1;1
0085528048;20210123;;;;5;1
0085528049;20210126;;;;1;1
0085528050;20210126;;;;1;1
0085528051;20210126;;;;1;1
0085528052;20210126;;;;1;1
0085528053;20210126;;;;1;1
0085528054;20210126;;;;1;1
0085528055;20210126;;;;1;1
0085528056;20210126;;;;1;1
0085528057;20210126;;;;1;1
0085528058;20210127;;;;1;1
0085528069;20210202;20210202;135200;;5;0
0085528118;20210224;20210223;165100;TESTING;4;1
0085528119;20210224;20210223;165100;TESTING;5;1
0085528126;20210224;20210224;105400;;1;1
0085528134;20210225;20210224;142400;;5;2
0085528177;20210323;20210331;113000;xxxx;5;1
0085528179;20210323;20210331;113000;xxxx;5;1
0085528199;20210401;20210331;114800;xxxx;5;1
0085528204;20210408;20210407;150800;INDRA;5;1
0085528219;20210414;20210413;124400;;6;1
0085528220;20210415;20210419;145000;TESTING;6;1
0085528221;20210415;20210419;145000;TESTING;6;1
0085528222;20210415;20210419;145000;TESTING;6;1
0085528276;20210519;20210519;134300;TESTING;10;1
0085528282;20210522;20210520;94200;TESTING;45;1
0085528316;20210609;20210608;171400;TESTING;1;1
0085528330;20210617;20210616;134200;TESTING;1;1
0085528331;20210617;;;;2;1
0085528371;20210625;20210624;174700;b333cxo;1;1
0085528372;20210625;20210624;174700;b333cxo;1;1
0085528374;20210625;20210624;174700;b333cxo;1;1
0085528375;20210625;20210624;174700;b333cxo;1;1
0085528376;20210625;20210624;174700;b333cxo;1;1
0085528377;20210625;20210624;174700;b333cxo;1;1
0085528378;20210627;20210628;154800;*****;1;1
0085528379;20210629;20210628;152100;xxxxxx;1;1
0085528382;20210703;20210701;152300;formalitas;10;1
0085528466;20210802;20210801;151900;;2;0
0085528472;20210813;20210814;124000;ROBERT;5;1
0085528502;20210824;20210901;94500;;1;0
0085528524;20210906;;;;2;0
0085528646;20211019;20211019;154000;;2;0
0085528656;20211022;20211021;164700;;1;0
0085528668;20211024;20211022;180900;Formalitas;2;1
0085528707;20211110;20211110;204100;formalitas;2;1
0085528719;20211113;;;formalitas;4;1
0085528720;20211113;;;formalitas;4;1
0085528739;20211116;20211116;155800;Testing;1;1
0095548058;20180423;20180424;133200;UMAR;7;1
0095552407;20190422;;;;2;0
0095552601;20181005;20181015;151300;UMAR;2;1
0095552605;20190422;20190422;132300;;2;0
0095552809;20181029;20181105;101300;UMAR;425;1
0095552849;20190422;;;;2;0
0095552850;20190423;;;;1;0
8000000043;20200827;;;;50;1
